6	6	6	6	6	6	6	6	6	6	6	6	6	6	6	6	6	6	6	6	6	6	6	6	6	6	6	6	6	1	1	6	6	6	6	6	6	6	6	6	6	6	6	6	6	6	6	6	6	6	6	6	6	6	6	6	6	6	6	6
6	6	6	6	6	6	6	6	6	6	6	6	6	6	6	6	6	6	6	6	6	6	6	6	6	6	6	6	6	1	1	6	6	6	6	6	6	6	6	6	6	6	6	6	6	6	6	6	6	6	6	6	6	6	6	6	6	6	6	6
6	6	6	6	6	6	1	1	1	1	1	1	1	1	1	1	1	1	1	1	1	1	1	1	1	1	1	1	1	1	1	6	6	6	6	6	6	6	6	6	6	6	6	6	6	6	6	6	6	6	6	6	6	6	6	6	6	6	6	6
6	6	6	6	6	6	1	1	1	1	1	1	1	1	1	1	1	1	1	1	1	1	1	1	1	1	1	1	1	1	1	6	6	6	6	6	6	6	6	6	6	6	6	6	6	6	6	6	6	6	6	6	6	6	6	6	6	6	6	6
6	6	6	6	6	6	1	1	6	6	6	6	6	6	6	6	6	6	6	6	6	6	6	6	6	6	6	6	6	1	1	6	6	6	6	6	6	6	6	1	1	1	1	1	1	1	1	1	1	1	1	1	1	1	1	1	1	1	1	1
6	6	6	6	6	6	1	1	6	6	6	6	6	6	6	6	6	6	6	6	6	6	6	6	6	6	6	6	6	1	1	6	6	6	6	6	6	6	6	1	1	1	1	1	1	1	1	1	1	1	1	1	1	1	1	1	1	1	1	1
6	6	6	6	6	6	1	1	6	6	6	6	6	6	6	6	6	6	6	6	6	6	6	6	6	6	6	6	6	1	1	6	6	6	6	6	6	6	6	1	1	6	6	6	6	6	6	6	6	6	6	6	6	6	6	6	6	6	6	6
6	6	6	6	6	6	1	1	6	6	6	6	6	6	6	6	6	6	6	6	6	6	6	6	6	6	6	6	6	1	1	6	6	6	6	6	6	6	6	1	1	6	6	6	6	6	6	6	6	6	6	6	6	6	6	6	6	6	6	6
6	6	6	6	6	6	1	1	6	6	6	6	6	6	6	6	6	6	6	6	6	6	6	6	6	6	6	6	6	1	1	6	6	6	6	6	6	6	6	1	1	6	6	6	6	6	6	6	6	6	6	6	6	6	6	6	6	6	6	6
6	6	6	6	6	6	1	1	6	6	6	6	6	6	6	6	6	6	6	6	6	6	6	6	6	6	6	6	6	1	1	6	6	6	6	6	6	6	6	1	1	6	6	6	6	6	6	6	6	6	6	6	6	6	6	6	6	6	6	6
6	6	6	6	6	6	1	1	6	6	6	6	6	6	6	6	6	6	6	1	1	1	1	1	1	1	1	1	1	1	1	1	1	1	1	1	1	1	1	1	1	1	1	1	1	1	1	1	1	1	6	6	6	6	6	6	6	6	6	6
6	6	6	6	6	6	1	1	6	6	6	6	6	6	6	6	6	6	6	1	1	1	1	1	1	1	1	1	1	1	1	1	1	1	1	1	1	1	1	1	1	1	1	1	1	1	1	1	1	1	6	6	6	6	6	6	6	6	6	6
6	6	6	6	6	6	1	1	6	6	6	6	6	6	6	6	6	6	6	1	1	6	6	6	6	6	6	6	6	6	6	6	6	6	6	6	6	6	6	6	6	6	6	6	6	6	6	6	1	1	6	6	6	6	6	6	6	6	6	6
6	6	6	6	6	6	1	1	6	6	6	6	6	6	6	6	6	6	6	1	1	6	6	6	6	6	6	6	6	6	6	6	6	6	6	6	6	6	6	6	6	6	6	6	6	6	6	6	1	1	6	6	6	6	6	6	6	6	6	6
6	6	6	6	6	6	1	1	6	6	6	6	6	6	6	6	6	6	6	1	1	6	6	6	6	6	6	6	6	6	6	6	6	6	6	6	6	6	6	6	6	6	6	6	6	6	6	6	1	1	6	6	6	6	6	6	6	6	6	6
6	6	6	6	6	6	1	1	6	6	6	6	6	6	6	6	6	6	6	1	1	6	6	6	6	6	6	6	6	6	6	6	6	6	6	6	6	6	6	6	6	6	6	6	6	6	6	6	1	1	6	6	6	6	6	6	6	6	6	6
6	6	6	6	6	6	1	1	6	6	6	6	6	6	6	6	6	6	6	1	1	6	6	6	6	6	2	2	6	2	2	6	2	2	6	6	6	6	6	6	6	6	6	6	6	6	6	6	1	1	6	6	6	6	6	6	6	6	6	6
6	6	6	6	6	6	1	1	6	6	6	6	6	6	6	6	6	6	6	1	1	6	6	6	6	6	2	3	3	3	3	3	3	2	6	6	6	6	6	6	6	6	6	6	6	6	6	6	1	1	6	6	6	6	6	6	6	6	6	6
6	6	6	6	6	6	1	1	6	6	6	6	6	6	6	6	6	6	6	1	1	6	6	6	6	6	6	3	4	4	4	4	3	6	6	6	6	6	6	6	6	6	6	6	6	6	6	6	1	1	6	6	6	6	6	6	6	6	6	6
1	1	1	1	1	1	1	1	1	1	1	1	1	1	1	1	1	1	1	1	1	1	1	1	1	1	2	3	4	4	4	4	3	2	1	1	1	1	1	1	1	1	1	1	1	1	1	1	1	1	1	1	1	1	1	1	1	1	1	1
1	1	1	1	1	1	1	1	1	1	1	1	1	1	1	1	1	1	1	1	1	1	1	1	1	1	2	3	4	4	4	4	3	2	1	1	1	1	1	1	1	1	1	1	1	1	1	1	1	1	1	1	1	1	1	1	1	1	1	1
6	6	6	6	6	6	6	6	6	6	1	1	6	6	6	6	6	6	6	6	6	6	6	6	6	6	6	3	4	4	4	4	3	6	6	6	6	6	6	1	1	6	6	6	6	6	6	6	6	6	6	6	1	1	6	6	6	6	6	6
6	6	6	6	6	6	6	6	6	6	1	1	6	6	6	6	6	6	6	6	6	6	6	6	6	6	2	3	3	3	3	3	3	2	6	6	6	6	6	1	1	6	6	6	6	6	6	6	6	6	6	6	1	1	6	6	6	6	6	6
6	6	6	6	6	6	6	6	6	6	1	1	6	6	6	6	6	6	6	6	6	6	6	6	6	6	2	2	6	2	2	6	2	2	6	6	6	6	6	1	1	6	6	6	6	6	6	6	6	6	6	6	1	1	6	6	6	6	6	6
6	6	6	6	6	6	6	6	6	6	1	1	6	6	6	6	6	6	6	6	6	6	6	6	6	6	6	6	6	6	6	6	6	6	6	6	6	6	6	1	1	6	6	6	6	6	6	6	6	6	6	6	1	1	6	6	6	6	6	6
6	6	6	6	6	6	6	6	6	6	1	1	6	6	6	6	6	6	6	6	6	6	6	6	6	6	6	6	6	6	6	6	6	6	6	6	6	6	6	1	1	6	6	6	6	6	6	6	6	6	6	6	1	1	6	6	6	6	6	6
6	6	6	6	6	6	6	6	6	6	1	1	6	6	6	6	6	6	6	6	6	6	6	6	6	6	6	6	6	6	6	6	6	6	6	6	6	6	6	1	1	6	6	6	6	6	6	6	6	6	6	6	1	1	6	6	6	6	6	6
6	6	6	6	6	6	6	6	6	6	1	1	6	6	6	6	6	6	6	6	6	6	6	6	6	6	6	6	6	6	6	6	6	6	6	6	6	6	6	1	1	6	6	6	6	6	6	6	6	6	6	6	1	1	6	6	6	6	6	6
6	6	6	6	6	6	6	6	6	6	1	1	1	1	1	1	1	1	1	1	1	1	1	1	1	1	1	1	1	1	1	1	1	1	1	1	1	1	1	1	1	6	6	6	6	6	6	6	6	6	6	6	1	1	6	6	6	6	6	6
6	6	6	6	6	6	6	6	6	6	1	1	1	1	1	1	1	1	1	1	1	1	1	1	1	1	1	1	1	1	1	1	1	1	1	1	1	1	1	1	1	6	6	6	6	6	6	6	6	6	6	6	1	1	6	6	6	6	6	6
6	6	6	6	6	6	6	6	6	6	6	6	6	6	6	6	6	6	6	1	1	6	6	6	6	6	6	6	6	1	1	6	6	6	6	6	6	6	6	6	6	6	6	6	6	6	6	6	6	6	6	6	1	1	6	6	6	6	6	6
6	6	6	6	6	6	6	6	6	6	6	6	6	6	6	6	6	6	6	1	1	6	6	6	6	6	6	6	6	1	1	6	6	6	6	6	6	6	6	6	6	6	6	6	6	6	6	6	6	6	6	6	1	1	6	6	6	6	6	6
6	6	6	6	6	6	6	6	6	6	6	6	6	6	6	6	6	6	6	1	1	6	6	6	6	6	6	6	6	1	1	6	6	6	6	6	6	6	6	6	6	6	6	6	6	6	6	6	6	6	6	6	1	1	6	6	6	6	6	6
6	6	6	6	6	6	6	6	6	6	6	6	6	6	6	6	6	6	6	1	1	6	6	6	6	6	6	6	6	1	1	6	6	6	6	6	6	6	6	6	6	6	6	6	6	6	6	6	6	6	6	6	1	1	6	6	6	6	6	6
1	1	1	1	1	1	1	1	1	1	1	1	1	1	1	1	1	1	1	1	1	6	6	6	6	6	6	6	6	1	1	6	6	6	6	6	6	6	6	6	6	6	6	6	6	6	6	6	6	6	6	6	1	1	6	6	6	6	6	6
1	1	1	1	1	1	1	1	1	1	1	1	1	1	1	1	1	1	1	1	1	6	6	6	6	6	6	6	6	1	1	6	6	6	6	6	6	6	6	6	6	6	6	6	6	6	6	6	6	6	6	6	1	1	6	6	6	6	6	6
6	6	6	6	6	6	6	6	6	6	6	6	6	6	6	6	6	6	6	6	6	6	6	6	6	6	6	6	6	1	1	1	1	1	1	1	1	1	1	1	1	1	1	1	1	1	1	1	1	1	1	1	1	1	6	6	6	6	6	6
6	6	6	6	6	6	6	6	6	6	6	6	6	6	6	6	6	6	6	6	6	6	6	6	6	6	6	6	6	1	1	1	1	1	1	1	1	1	1	1	1	1	1	1	1	1	1	1	1	1	1	1	1	1	6	6	6	6	6	6
6	6	6	6	6	6	6	6	6	6	6	6	6	6	6	6	6	6	6	6	6	6	6	6	6	6	6	6	6	1	1	6	6	6	6	6	6	6	6	6	6	6	6	6	6	6	6	6	6	6	6	6	6	6	6	6	6	6	6	6
6	6	6	6	6	6	6	6	6	6	6	6	6	6	6	6	6	6	6	6	6	6	6	6	6	6	6	6	6	1	1	6	6	6	6	6	6	6	6	6	6	6	6	6	6	6	6	6	6	6	6	6	6	6	6	6	6	6	6	6
28	15	6
6
1	20
1	35
30	2
59	5
59	20
30	39
