5	5	5	5	5	5	5	5	5	5	5	1	1	5	5	5	5	5	5	5	5	5	5	5	5	5	5	5	5	5	5	1	1	5	5	5	5	5	5	5	5	5	5	5	5	5	5	5	5	5	5	5	5	5	5	5	5	5	5	5
5	5	5	5	5	5	5	5	5	5	5	1	1	5	5	5	5	5	5	5	5	5	5	5	5	5	5	5	5	5	5	1	1	5	5	5	5	5	5	5	5	5	5	5	5	5	5	5	5	5	5	5	5	5	5	5	5	5	5	5
5	5	5	5	5	5	5	5	5	5	5	1	1	5	5	5	5	5	5	5	5	5	5	5	5	5	5	5	5	5	5	1	1	5	5	5	5	5	5	5	5	5	5	5	5	5	5	5	5	5	5	5	5	5	5	5	5	5	5	5
5	5	5	5	5	5	5	5	5	5	5	1	1	5	5	5	5	5	5	5	5	5	5	5	5	5	5	5	5	5	5	1	1	5	5	5	5	5	5	5	5	5	5	5	5	5	5	5	5	2	2	5	2	2	5	2	2	5	5	5
5	5	5	5	5	5	5	5	5	5	5	1	1	5	5	5	5	5	5	5	5	5	5	5	5	5	5	5	5	5	5	1	1	5	5	5	5	5	5	5	5	5	5	5	5	5	5	5	5	2	3	3	3	3	3	3	2	5	5	5
5	5	5	5	5	5	5	5	5	5	5	1	1	5	5	5	5	5	5	5	5	5	5	5	5	5	5	5	5	5	5	1	1	5	5	5	5	5	5	5	5	5	5	5	5	5	5	5	5	5	3	4	4	4	4	3	5	5	5	5
1	1	1	1	1	1	1	1	1	1	1	1	1	1	1	1	1	1	1	1	1	1	1	1	1	1	1	1	1	1	1	1	1	1	1	1	1	1	1	1	1	1	1	1	1	1	1	1	1	2	3	4	4	4	4	3	2	5	5	5
1	1	1	1	1	1	1	1	1	1	1	1	1	1	1	1	1	1	1	1	1	1	1	1	1	1	1	1	1	1	1	1	1	1	1	1	1	1	1	1	1	1	1	1	1	1	1	1	1	2	3	4	4	4	4	3	2	5	5	5
5	5	5	5	5	1	1	5	5	5	5	5	5	5	5	5	5	5	5	5	5	1	1	5	5	5	5	5	5	5	5	5	5	5	5	5	5	5	5	5	5	5	5	5	5	5	5	5	5	5	3	4	4	4	4	3	5	5	5	5
5	5	5	5	5	1	1	5	5	5	5	5	5	5	5	5	5	5	5	5	5	1	1	5	5	5	5	5	5	5	5	5	5	5	5	5	5	5	5	5	5	5	5	5	5	5	5	5	5	2	3	3	3	3	3	3	2	5	5	5
5	5	5	5	5	1	1	5	5	5	5	5	5	5	5	5	5	5	5	5	5	1	1	5	5	5	5	5	5	5	5	5	5	5	5	5	5	5	5	5	5	5	5	5	5	5	5	5	5	2	2	5	2	2	5	2	2	5	5	5
5	5	5	5	5	1	1	5	5	5	5	5	5	5	5	5	5	5	5	5	5	1	1	5	5	5	5	5	5	5	5	5	5	5	5	5	5	5	5	5	5	5	5	5	5	5	5	5	5	5	5	5	1	1	5	5	5	5	5	5
5	5	5	5	5	1	1	5	5	5	5	5	5	5	5	5	5	5	5	5	5	1	1	1	1	1	1	1	1	1	1	1	1	5	5	5	5	5	5	5	5	5	5	5	5	5	5	5	5	5	5	5	1	1	5	5	5	5	5	5
5	5	5	5	5	1	1	5	5	5	5	5	5	5	5	5	5	5	5	5	5	1	1	1	1	1	1	1	1	1	1	1	1	5	5	5	5	5	5	5	5	5	5	5	5	5	5	5	5	5	5	5	1	1	5	5	5	5	5	5
5	5	5	5	5	1	1	1	1	1	1	1	1	1	1	5	5	5	5	5	5	1	1	5	5	5	5	5	5	5	5	1	1	5	5	5	5	5	5	5	5	1	1	1	1	1	1	1	1	1	1	1	1	1	5	5	5	5	5	5
5	5	5	5	5	1	1	1	1	1	1	1	1	1	1	5	5	5	5	5	5	1	1	5	5	5	5	5	5	5	5	1	1	5	5	5	5	5	5	5	5	1	1	1	1	1	1	1	1	1	1	1	1	1	5	5	5	5	5	5
5	5	5	5	5	1	1	5	5	5	5	5	5	1	1	5	5	5	5	5	5	1	1	5	5	5	5	5	5	5	5	1	1	5	5	5	5	5	5	5	5	1	1	5	5	5	5	5	5	5	5	5	1	1	5	5	5	5	5	5
5	5	5	5	5	1	1	5	5	5	5	5	5	1	1	5	5	5	5	5	5	1	1	5	5	5	5	5	5	5	5	1	1	5	5	5	5	5	5	5	5	1	1	5	5	5	5	5	5	5	5	5	1	1	5	5	5	5	5	5
5	5	5	5	5	1	1	5	5	5	5	5	5	1	1	5	5	5	5	5	5	1	1	5	5	5	5	5	5	5	5	1	1	5	5	5	5	5	5	5	5	1	1	5	5	5	5	5	5	5	5	5	1	1	5	5	5	5	5	5
5	5	5	5	5	1	1	5	5	5	5	5	5	1	1	1	1	1	1	1	1	1	1	1	1	1	1	1	1	1	1	1	1	1	1	1	1	1	1	1	1	1	1	5	5	5	5	5	5	5	5	5	1	1	5	5	5	5	5	5
5	5	5	5	5	1	1	5	5	5	5	5	5	1	1	1	1	1	1	1	1	1	1	1	1	1	1	1	1	1	1	1	1	1	1	1	1	1	1	1	1	1	1	5	5	5	5	5	5	5	5	5	1	1	5	5	5	5	5	5
5	5	5	5	5	1	1	5	5	5	5	5	5	5	5	5	5	5	5	5	5	1	1	5	5	5	5	5	5	5	5	5	5	5	5	5	5	5	5	5	5	1	1	5	5	5	5	5	5	5	5	5	1	1	5	5	5	5	5	5
5	5	5	5	5	1	1	5	5	5	5	5	5	5	5	5	5	5	5	5	5	1	1	5	5	5	5	5	5	5	5	5	5	5	5	5	5	5	5	5	5	1	1	5	5	5	5	5	5	5	5	5	1	1	5	5	5	5	5	5
5	5	5	5	5	1	1	5	5	5	5	5	5	5	5	5	5	5	5	5	5	1	1	5	5	5	5	5	5	5	5	5	5	5	5	5	5	5	5	5	5	1	1	5	5	5	5	5	5	5	5	5	1	1	5	5	5	5	5	5
5	5	5	5	5	1	1	5	5	5	5	5	5	5	5	5	5	5	5	5	5	1	1	5	5	5	5	5	5	5	5	5	5	5	5	5	5	5	5	5	5	1	1	5	5	5	5	5	5	5	5	5	1	1	1	1	1	1	1	1
5	5	5	5	5	1	1	5	5	5	5	5	5	5	5	5	5	5	5	5	5	1	1	5	5	5	5	5	5	5	5	5	5	5	5	5	5	5	5	5	5	1	1	5	5	5	5	5	5	5	5	5	1	1	1	1	1	1	1	1
5	5	5	5	5	1	1	5	5	5	5	5	5	5	5	5	5	5	5	5	5	1	1	5	5	5	5	5	5	5	5	5	5	5	5	5	5	5	5	5	5	1	1	5	5	5	5	5	5	5	5	5	1	1	5	5	5	5	5	5
1	1	1	1	1	1	1	1	1	1	1	1	1	1	1	1	1	1	1	1	1	1	1	5	5	5	5	5	5	5	5	5	1	1	1	1	1	1	1	1	1	1	1	5	5	5	5	5	5	5	5	5	1	1	5	5	5	5	5	5
1	1	1	1	1	1	1	1	1	1	1	1	1	1	1	1	1	1	1	1	1	1	1	5	5	5	5	5	5	5	5	5	1	1	1	1	1	1	1	1	1	1	1	5	5	5	5	5	5	5	5	5	1	1	5	5	5	5	5	5
5	5	5	5	5	1	1	5	5	5	5	5	5	5	5	5	5	5	5	5	5	1	1	5	5	5	5	5	5	5	5	5	1	1	5	5	5	5	5	5	5	1	1	5	5	5	5	5	5	5	5	5	1	1	5	5	5	5	5	5
5	5	5	5	5	1	1	5	5	5	5	5	5	5	5	5	5	5	5	5	5	1	1	5	5	5	5	5	5	5	5	5	1	1	5	5	5	5	5	5	5	1	1	5	5	5	5	5	5	5	5	5	1	1	5	5	5	5	5	5
5	5	5	5	5	1	1	5	5	5	5	5	5	5	5	5	5	5	5	5	5	1	1	1	1	1	1	1	1	1	1	1	1	1	5	5	5	5	5	5	5	1	1	5	5	5	5	5	5	5	5	5	1	1	5	5	5	5	5	5
5	5	5	5	5	1	1	5	5	5	5	5	5	5	5	5	5	5	5	5	5	1	1	1	1	1	1	1	1	1	1	1	1	1	5	5	5	5	5	5	5	1	1	1	1	1	1	1	1	1	1	1	1	1	5	5	5	5	5	5
5	5	5	5	5	1	1	5	5	5	5	5	5	5	5	5	5	5	5	5	5	1	1	5	5	5	5	5	5	5	5	5	1	1	5	5	5	5	5	5	5	1	1	1	1	1	1	1	1	1	1	1	1	1	5	5	5	5	5	5
5	5	5	5	5	1	1	5	5	5	5	5	5	5	5	5	5	5	5	5	5	1	1	5	5	5	5	5	5	5	5	5	1	1	5	5	5	5	5	5	5	5	5	5	5	5	5	5	5	5	5	5	1	1	5	5	5	5	5	5
5	5	5	5	5	1	1	1	1	1	1	1	1	1	1	1	1	1	1	1	1	1	1	5	5	5	5	5	5	5	5	5	1	1	5	5	5	5	5	5	5	5	5	5	5	5	5	5	5	5	5	5	1	1	5	5	5	5	5	5
5	5	5	5	5	1	1	1	1	1	1	1	1	1	1	1	1	1	1	1	1	1	1	5	5	5	5	5	5	5	5	5	1	1	5	5	5	5	5	5	5	5	5	5	5	5	5	5	5	5	5	5	1	1	5	5	5	5	5	5
5	5	5	5	5	5	5	5	5	5	5	5	5	5	5	5	5	5	5	5	5	1	1	5	5	5	5	5	5	5	5	5	1	1	5	5	5	5	5	5	5	5	5	5	5	5	5	5	5	5	5	5	1	1	5	5	5	5	5	5
5	5	5	5	5	5	5	5	5	5	5	5	5	5	5	5	5	5	5	5	5	1	1	5	5	5	5	5	5	5	5	5	1	1	5	5	5	5	5	5	5	5	5	5	5	5	5	5	5	5	5	5	1	1	5	5	5	5	5	5
5	5	5	5	5	5	5	5	5	5	5	5	5	5	5	5	5	5	5	5	5	1	1	5	5	5	5	5	5	5	5	5	1	1	5	5	5	5	5	5	5	5	5	5	5	5	5	5	5	5	5	5	1	1	5	5	5	5	5	5
51	2	6
8
12	1
32	1
1	7
1	28
22	39
33	39
53	39
59	25

